NOAA 15                 
1 25338U 98030A   24199.81586743  .00000549  00000+0  24494-3 0  9991
2 25338  98.5672 226.3015 0009364 230.7770 129.2580 14.26630821361805
DMSP 5D-3 F16 (USA 172) 
1 28054U 03048A   24199.87137942  .00000319  00000+0  19151-3 0  9992
2 28054  99.0206 206.6271 0006774 334.7047 150.9670 14.14051926 70618
NOAA 18                 
1 28654U 05018A   24199.79307407  .00000463  00000+0  27042-3 0  9991
2 28654  98.8739 276.5038 0013655 340.7105  19.3548 14.13255691987586
METEOSAT-9 (MSG-2)      
1 28912U 05049B   24198.21738258  .00000136  00000+0  00000+0 0  9998
2 28912   7.7504  60.6248 0002028   5.8761 352.0625  1.00277674 68014
EWS-G1 (GOES 13)        
1 29155U 06018A   24199.76722240 -.00000076  00000+0  00000+0 0  9994
2 29155   2.7027  84.9495 0076711 256.0229 333.0073  0.99039808 66466
DMSP 5D-3 F17 (USA 191) 
1 29522U 06050A   24199.88595671  .00000340  00000+0  19983-3 0  9994
2 29522  98.7435 209.8281 0008935 250.2673 109.7536 14.14503056913539
FENGYUN 3A              
1 32958U 08026A   24199.84407038  .00000378  00000+0  20085-3 0  9997
2 32958  98.6049 146.0794 0008582 352.1461   7.9579 14.19123741836301
NOAA 19                 
1 33591U 09005A   24199.81964801  .00000436  00000+0  25815-3 0  9993
2 33591  99.0454 255.9405 0013523 201.8568 158.2029 14.13050219795956
GOES 14                 
1 35491U 09033A   24199.62287976 -.00000049  00000+0  00000+0 0  9991
2 35491   0.4074 101.2320 0004023  10.7499 299.6986  1.00272489 55098
DMSP 5D-3 F18 (USA 210) 
1 35951U 09057A   24199.90004789  .00000654  00000+0  36571-3 0  9995
2 35951  98.8152 174.8394 0012411  80.2490 280.0084 14.14169193760707
EWS-G2 (GOES 15)        
1 36411U 10008A   24199.57993247  .00000056  00000+0  00000+0 0  9994
2 36411   0.3814  88.9536 0003211 102.0206  14.8361  1.00272306 52629
COMS 1                  
1 36744U 10032A   24199.59320512 -.00000331  00000+0  00000+0 0  9998
2 36744   3.0176  84.0342 0001060  33.0250 160.5251  1.00270467 44076
FENGYUN 3B              
1 37214U 10059A   24199.91868264  .00000304  00000+0  18197-3 0  9996
2 37214  99.0536 228.4380 0022273   8.7485 112.3853 14.14522063708596
SUOMI NPP               
1 37849U 11061A   24199.84451316  .00000256  00000+0  14216-3 0  9996
2 37849  98.7222 137.3648 0001440 121.3678 238.7639 14.19530991659215
FENGYUN 2F              
1 38049U 12002A   24199.59002708 -.00000346  00000+0  00000+0 0  9997
2 38049   5.6663  72.8325 0001723 112.8838  74.7267  1.00267958 45867
METEOSAT-10 (MSG-3)     
1 38552U 12035B   24199.35288135  .00000008  00000+0  00000+0 0  9990
2 38552   3.0306  61.1932 0000370 345.8370  15.6666  1.00272611 43848
METOP-B                 
1 38771U 12049A   24199.79288833  .00000367  00000+0  18756-3 0  9990
2 38771  98.6263 256.3260 0001242  81.0676 279.0642 14.21450377613894
INSAT-3D                
1 39216U 13038B   24199.73196767 -.00000338  00000+0  00000+0 0  9990
2 39216   0.1112  96.0112 0001063  68.0030 141.3870  1.00566124 40287
FENGYUN 3C              
1 39260U 13052A   24199.89981694  .00000301  00000+0  17247-3 0  9997
2 39260  98.4290 197.8790 0009982 234.9755 125.0484 14.16231948559673
METEOR-M 2              
1 40069U 14037A   24199.87166231  .00000348  00000+0  17957-3 0  9999
2 40069  98.4373 192.7398 0004491 270.0115  90.0548 14.20997546519983
HIMAWARI-8              
1 40267U 14060A   24199.73884245 -.00000258  00000+0  00000+0 0  9990
2 40267   0.0073 254.2547 0001235 224.5048 223.9461  1.00272017 35854
FENGYUN 2G              
1 40367U 14090A   24199.58750343 -.00000289  00000+0  00000+0 0  9992
2 40367   3.8653  81.1963 0002533 133.7662  31.8017  1.00279421 34986
METEOSAT-11 (MSG-4)     
1 40732U 15034A   24199.28338892  .00000078  00000+0  00000+0 0  9990
2 40732   1.4564  69.7529 0001334 163.9737 173.0731  1.00272184   202
ELEKTRO-L 2             
1 41105U 15074A   24199.80630041 -.00000105  00000+0  00000+0 0  9990
2 41105   4.9167  79.1095 0001189 131.0517   1.6555  1.00270259 31505
INSAT-3DR               
1 41752U 16054A   24199.58245612 -.00000060  00000+0  00000+0 0  9998
2 41752   0.0828  92.1074 0010215 172.9148 314.5331  1.00271654 28807
HIMAWARI-9              
1 41836U 16064A   24199.73443649 -.00000258  00000+0  00000+0 0  9998
2 41836   0.0490 222.7203 0001240 244.8929 233.5624  1.00270143 28283
GOES 16                 
1 41866U 16071A   24199.83900551 -.00000231  00000+0  00000+0 0  9991
2 41866   0.0860 254.2781 0000541 212.1506  56.5508  1.00271379 28084
FENGYUN 4A              
1 41882U 16077A   24199.58497977 -.00000181  00000+0  00000+0 0  9994
2 41882   0.5319  86.0219 0008420 345.8619 161.1850  1.00266893 27915
CYGFM05                 
1 41884U 16078A   24199.14919717  .00013323  00000+0  48047-3 0  9998
2 41884  34.9577 111.2975 0009886 112.0779 248.0987 15.27657501420661
CYGFM04                 
1 41885U 16078B   24199.11889353  .00013149  00000+0  46143-3 0  9999
2 41885  34.9385  95.2623 0007551 140.1238 220.0033 15.28567848420756
CYGFM02                 
1 41886U 16078C   24199.39846778  .00012839  00000+0  44559-3 0  9998
2 41886  34.9499  95.6786 0010259 129.0549 231.1081 15.28909170420885
CYGFM01                 
1 41887U 16078D   24199.46220214  .00015126  00000+0  54833-3 0  9996
2 41887  34.9468 113.1985 0009777 104.0338 256.1465 15.27468406420649
CYGFM08                 
1 41888U 16078E   24199.06945317  .00013776  00000+0  48572-3 0  9993
2 41888  34.9468 103.5888 0010561 125.4521 234.7181 15.28382540420764
CYGFM07                 
1 41890U 16078G   24199.04043678  .00014021  00000+0  48986-3 0  9996
2 41890  34.9486  95.1360 0007323 137.3433 222.7852 15.28704516420756
CYGFM03                 
1 41891U 16078H   24199.14237027  .00013254  00000+0  46425-3 0  9994
2 41891  34.9505  95.7121 0008348 121.6723 238.4808 15.28622443420759
FENGYUN 3D              
1 43010U 17072A   24199.82996630  .00000305  00000+0  16671-3 0  9994
2 43010  98.9120 154.6670 0000467 213.2293 146.8853 14.19372393345769
NOAA 20 (JPSS-1)        
1 43013U 17073A   24199.86162921  .00000231  00000+0  13022-3 0  9995
2 43013  98.7064 137.2701 0002146 111.5115 248.6290 14.19544577345253
GOES 17                 
1 43226U 18022A   24199.62558293 -.00000073  00000+0  00000+0 0  9994
2 43226   0.0017 315.7087 0001330 192.2293 268.4849  1.00271988 23409
FENGYUN 2H              
1 43491U 18050A   24199.58350039 -.00000108  00000+0  00000+0 0  9991
2 43491   1.2185  87.0609 0001924  47.4488  90.3089  1.00267057 22428
METOP-C                 
1 43689U 18087A   24199.47883963  .00000367  00000+0  18784-3 0  9993
2 43689  98.7219 258.3993 0002203  34.6688 325.4633 14.21492036295429
GEO-KOMPSAT-2A          
1 43823U 18100A   24199.80776439 -.00000327  00000+0  00000+0 0  9990
2 43823   0.0253 147.8615 0002568 310.9820 256.3179  1.00269977 20655
METEOR-M2 2             
1 44387U 19038A   24199.85818602  .00000144  00000+0  82472-4 0  9995
2 44387  98.8284 169.2052 0000684 168.0958 192.0237 14.23902575261750
ARKTIKA-M 1             
1 47719U 21016A   24198.16338131  .00000155  00000+0  00000+0 0  9997
2 47719  63.1372 148.4459 6951583 268.6480  17.8817  2.00604805 24720
FENGYUN 3E              
1 49008U 21062A   24199.86266912  .00000086  00000+0  61538-4 0  9997
2 49008  98.7325 200.7301 0000905 352.3771   7.7392 14.19764879157346
GOES 18                 
1 51850U 22021A   24199.68362164  .00000114  00000+0  00000+0 0  9991
2 51850   0.0094 275.2072 0000541 194.1738 295.6952  1.00271646  8791
NOAA 21 (JPSS-2)        
1 54234U 22150A   24199.54489598  .00000262  00000+0  14513-3 0  9991
2 54234  98.7518 137.0838 0001895  73.5547 286.5837 14.19539826 87284
METEOSAT-12 (MTG-I1)    
1 54743U 22170C   24199.85388639  .00000008  00000+0  00000+0 0  9996
2 54743   0.5399  43.0507 0002325  65.3741 134.6485  1.00270630  5957
TIANMU-1 03             
1 55973U 23039A   24199.87542221  .00013448  00000+0  57167-3 0  9990
2 55973  97.4707 350.3221 0006112  78.1292 282.0629 15.23143527 73529
TIANMU-1 04             
1 55974U 23039B   24199.85740178  .00013471  00000+0  57079-3 0  9998
2 55974  97.4628 349.8368 0007131  74.0521 286.1501 15.23247775 73512
TIANMU-1 05             
1 55975U 23039C   24199.77682089  .00014752  00000+0  62680-3 0  9993
2 55975  97.4677 350.1001 0005806  93.6775 266.5126 15.23140966 73497
TIANMU-1 06             
1 55976U 23039D   24199.82309548  .00014005  00000+0  59147-3 0  9991
2 55976  97.4691 350.2764 0006366  91.5472 268.6494 15.23354761 73507
METEOR-M2 3             
1 57166U 23091A   24199.82310797  .00000091  00000+0  59046-4 0  9999
2 57166  98.7111 254.2196 0004795  52.6936 307.4679 14.23905186 54980
TIANMU-1 07             
1 57399U 23101A   24199.82640479  .00009920  00000+0  49647-3 0  9997
2 57399  97.3620 256.1241 0006644  87.3201 272.8794 15.17582906 55074
TIANMU-1 08             
1 57400U 23101B   24199.79555368  .00009336  00000+0  46716-3 0  9993
2 57400  97.3607 255.9634 0008894  90.3928 269.8325 15.17592722 55066
TIANMU-1 09             
1 57401U 23101C   24199.84467442  .00010679  00000+0  53379-3 0  9990
2 57401  97.3562 255.8350 0009225  86.5196 273.7093 15.17587292 55077
TIANMU-1 10             
1 57402U 23101D   24199.81124637  .00009704  00000+0  48542-3 0  9997
2 57402  97.3644 256.1090 0011478  84.7835 275.4708 15.17569650 55066
FENGYUN 3F              
1 57490U 23111A   24199.81548883  .00000237  00000+0  13282-3 0  9993
2 57490  98.7686 268.6633 0001379  58.1062 302.0248 14.19838675 49618
ARKTIKA-M 2             
1 58584U 23198A   24199.39107188  .00000185  00000+0  00000+0 0  9997
2 58584  63.2531 232.0537 6973323 269.8199  17.3059  2.00605995  4286
TIANMU-1 11             
1 58645U 23205A   24199.82577590  .00009036  00000+0  47999-3 0  9996
2 58645  97.4021 224.1292 0009608 301.8188  58.2109 15.15492742 31152
TIANMU-1 12             
1 58646U 23205B   24199.84045077  .00008598  00000+0  45641-3 0  9993
2 58646  97.4007 224.0709 0007997 293.0121  67.0268 15.15543374 31148
TIANMU-1 13             
1 58647U 23205C   24199.87420417  .00009343  00000+0  49673-3 0  9990
2 58647  97.4039 224.1074 0007807 272.7856  87.2483 15.15465565 31147
TIANMU-1 14             
1 58648U 23205D   24199.85808384  .00008750  00000+0  46527-3 0  9998
2 58648  97.3964 223.9265 0008448 277.1700  82.8572 15.15472131 31149
TIANMU-1 19             
1 58660U 23208A   24199.86475132  .00011140  00000+0  59015-3 0  9990
2 58660  97.4131 311.5008 0007944 255.1026 104.9327 15.15542577 30815
TIANMU-1 20             
1 58661U 23208B   24199.85228534  .00010802  00000+0  55969-3 0  9990
2 58661  97.4061 311.4699 0008594 266.8816  93.1433 15.16331426 30829
TIANMU-1 21             
1 58662U 23208C   24199.89289298  .00010762  00000+0  54314-3 0  9997
2 58662  97.4099 311.8253 0008198 266.3418  93.6879 15.17260804 30847
TIANMU-1 22             
1 58663U 23208D   24199.88175518  .00009590  00000+0  50944-3 0  9998
2 58663  97.4116 311.5862 0003839 280.7738  79.3062 15.15504762 30828
TIANMU-1 15             
1 58700U 24004A   24199.85687310  .00009910  00000+0  52687-3 0  9992
2 58700  97.4626  20.4017 0008721 311.4760  48.5723 15.15444423 29418
TIANMU-1 16             
1 58701U 24004B   24199.83905188  .00009523  00000+0  50591-3 0  9999
2 58701  97.4555  20.2365 0008738 318.4745  41.5823 15.15482283 29412
TIANMU-1 17             
1 58702U 24004C   24199.82448354  .00009089  00000+0  48358-3 0  9991
2 58702  97.4598  20.3678 0006468 314.2139  45.8562 15.15455809 29407
TIANMU-1 18             
1 58703U 24004D   24199.80718914  .00008721  00000+0  46399-3 0  9997
2 58703  97.4611  20.4300 0005620 302.7522  57.3169 15.15476045 29400
INSAT-3DS               
1 58990U 24033A   24199.82549302 -.00000139  00000+0  00000+0 0  9993
2 58990   0.0146 355.2712 0002689 113.4034 206.6964  1.00269440  1808
METEOR-M2 4             
1 59051U 24039A   24199.87844445  .00000138  00000+0  81362-4 0  9992
2 59051  98.5991 161.0189 0007905  42.8488 317.3305 14.22239700 19859
GOES 19                 
1 60133U 24119A   24199.54922829 -.00000223  00000+0  00000+0 0  9992
2 60133   0.1200 257.0602 0019667 192.0729 311.1768  1.01127709   295
